Matrices Elementales
 ===============
elemento 0, fe = 1.074074e+07
[[ 0.01333333  0.1        -0.01333333  0.1       ]
 [ 0.1         1.         -0.1         0.5       ]
 [-0.01333333 -0.1         0.01333333 -0.1       ]
 [ 0.1         0.5        -0.1         1.        ]]

elemento 1, fe = 1.074074e+07
[[ 0.01333333  0.1        -0.01333333  0.1       ]
 [ 0.1         1.         -0.1         0.5       ]
 [-0.01333333 -0.1         0.01333333 -0.1       ]
 [ 0.1         0.5        -0.1         1.        ]]
