Matriz Global
 ===============
Matriz Global, fe = 1.120000e+08
[[ 0.16666667  0.25       -0.16666667  0.25        0.          0.
   0.          0.        ]
 [ 0.25        0.5        -0.25        0.25        0.          0.
   0.          0.        ]
 [-0.16666667 -0.25        0.33333333  0.         -0.16666667  0.25
   0.          0.        ]
 [ 0.25        0.25        0.          1.         -0.25        0.25
   0.          0.        ]
 [ 0.          0.         -0.16666667 -0.25        0.16845238 -0.25
  -0.00178571  0.        ]
 [ 0.          0.          0.25        0.25       -0.25        0.5
   0.          0.        ]
 [ 0.          0.          0.          0.         -0.00178571  0.
   0.00178571  0.        ]
 [ 0.          0.          0.          0.          0.          0.
   0.          0.        ]]
