Matrices Elementales
 ===============
elemento 0, fe = 5.600000e+07
[[ 0.33333333  0.5        -0.33333333  0.5       ]
 [ 0.5         1.         -0.5         0.5       ]
 [-0.33333333 -0.5         0.33333333 -0.5       ]
 [ 0.5         0.5        -0.5         1.        ]]

elemento 1, fe = 5.600000e+07
[[ 0.33333333  0.5        -0.33333333  0.5       ]
 [ 0.5         1.         -0.5         0.5       ]
 [-0.33333333 -0.5         0.33333333 -0.5       ]
 [ 0.5         0.5        -0.5         1.        ]]

elemento 2, fe = 2.000000e+05
[[ 1.  0. -1.  0.]
 [ 0.  0.  0.  0.]
 [-1.  0.  1.  0.]
 [ 0.  0.  0.  0.]]
